0
SECTION
2
TABLES
0
TABLE
2
LTYPE
0
LTYPE
2
MTC_DASHDOT
3
Axis_line
72
65
73
4
40
11.7
49
5.0
49
-3.0
49
0.7
49
-3.0
70
0
0
LTYPE
2
MTC_DASH
3
Invisible_line
72
65
73
2
40
11.0
49
8.0
49
-3.0
70
0
0
LTYPE
2
MTC_SOLID
3
Solid_line
72
65
73
0
40
0.0
70
0
0
ENDTAB
0
TABLE
2
LAYER
0
LAYER
2
MTC_OUTLINE
62
7
6
MTC_SOLID
70
0
0
LAYER
2
MTC_TEXTN
62
8
6
MTC_SOLID
70
0
0
LAYER
2
MTC_TEXTB
62
5
6
MTC_SOLID
70
0
0
LAYER
2
MTC_THIN
62
8
6
MTC_SOLID
70
0
0
LAYER
2
MTC_AXIS
62
1
6
MTC_DASHDOT
70
0
0
LAYER
2
MTC_INVISIBLE
62
8
6
MTC_DASH
70
0
0
ENDTAB
0
ENDSEC
0
SECTION
2
ENTITIES
0
LINE
8
MTC_THIN
10
0
20
-4.914
30
0.0
11
0
21
-8.88178419700125E-16
31
0.0
0
LINE
8
MTC_THIN
10
0
20
-8.88178419700125E-16
30
0.0
11
11.34
21
-8.88178419700125E-16
31
0.0
0
TEXT
8
MTC_TEXTN
10
0
20
-4.914
30
0.0
40
1.89
1
Roulement
41
0.7
72
0
11
0.72
21
-4.554
31
0.0
73
1
0
LINE
8
MTC_THIN
10
11.34
20
-8.88178419700125E-16
30
0.0
11
22.68
21
-8.88178419700125E-16
31
0.0
0
LINE
8
MTC_THIN
10
22.68
20
-8.88178419700125E-16
30
0.0
11
32.319
21
-8.88178419700125E-16
31
0.0
0
LINE
8
MTC_THIN
10
32.319
20
-8.88178419700125E-16
30
0.0
11
33.831
21
-8.88178419700125E-16
31
0.0
0
LINE
8
MTC_THIN
10
33.831
20
-8.88178419700125E-16
30
0.0
11
45.171
21
-8.88178419700125E-16
31
0.0
0
LINE
8
MTC_THIN
10
56.511
20
-4.914
30
0.0
11
56.511
21
-8.88178419700125E-16
31
0.0
0
LINE
8
MTC_THIN
10
45.171
20
-8.88178419700125E-16
30
0.0
11
56.511
21
-8.88178419700125E-16
31
0.0
0
LINE
8
MTC_THIN
10
0
20
-9.828
30
0.0
11
0
21
-4.914
31
0.0
0
TEXT
8
MTC_TEXTN
10
0
20
-9.828
30
0.0
40
1.89
1
6407
41
0.7
72
0
11
0.72
21
-9.468
31
0.0
73
1
0
LINE
8
MTC_THIN
10
56.511
20
-9.828
30
0.0
11
56.511
21
-4.914
31
0.0
0
LINE
8
MTC_THIN
10
0
20
-14.742
30
0.0
11
0
21
-9.828
31
0.0
0
LINE
8
MTC_THIN
10
0
20
-14.742
30
0.0
11
11.34
21
-14.742
31
0.0
0
TEXT
8
MTC_TEXTN
10
0
20
-14.742
30
0.0
40
1.89
1
SKF
41
0.7
72
0
11
0.72
21
-14.382
31
0.0
73
1
0
LINE
8
MTC_THIN
10
11.34
20
-14.742
30
0.0
11
22.68
21
-14.742
31
0.0
0
LINE
8
MTC_THIN
10
22.68
20
-14.742
30
0.0
11
32.319
21
-14.742
31
0.0
0
LINE
8
MTC_THIN
10
32.319
20
-14.742
30
0.0
11
33.831
21
-14.742
31
0.0
0
LINE
8
MTC_THIN
10
33.831
20
-14.742
30
0.0
11
45.171
21
-14.742
31
0.0
0
LINE
8
MTC_THIN
10
45.171
20
-14.742
30
0.0
11
56.511
21
-14.742
31
0.0
0
LINE
8
MTC_THIN
10
56.511
20
-14.742
30
0.0
11
56.511
21
-9.828
31
0.0
0
ENDSEC
0
EOF